#p 060413.021852 M2.6 auto
#p 06 04 13 02 18 22
#p 73B3 0 32 018 32 050 +1
#p 73B3 2 101 390 101 790 +0
#p 73B3 3 50 178 50 178 -1 3.48e-07
#p 73B5 1 47 657 47 859 +0
#p 7363 0 30 940 30 962 -1
#p 7363 2 101 190 101 590 +0
#p 7363 3 31 220 31 220 -1 1.38e-04
#p 7364 1 45 127 45 359 +0
#p 7963 0 33 926 33 980 -1
#p 7963 3 90 476 90 476 -1 7.12e-07
#p 7964 1 50 590 50 776 +0
#p 7A23 0 30 304 30 364 -1
#p 7A23 2 106 990 107 390 +0
#p 7A23 3 30 554 30 554 -1 4.95e-07
#p 7A24 1 44 378 44 538 +0
#p 7353 0 35 649 35 873 +1
#p 7353 2 106 190 106 590 +0
#p 7353 3 56 239 56 239 -1 3.26e-07
#p 7354 1 53 552 53 884 +0
#p 73E3 0 31 351 31 381 -1
#p 73E3 2 91 990 92 390 +0
#p 73E3 3 33 361 33 361 -1 9.46e-07
#p 73E5 1 46 268 46 362 +0
#p 7813 0 32 519 32 575 -1
#p 7813 2 105 990 106 390 +0
#p 7813 3 32 749 32 749 -1 7.59e-07
#p 7814 1 47 993 48 179 +0
#p 71C3 0 30 205 30 233 +1
#p 71C3 2 100 190 100 590 +0
#p 71C3 3 34 255 34 255 -1 5.61e-07
#p 71C5 1 43 885 44 011 +0
#p 71A3 0 29 220 29 244 -1
#p 71A3 3 30 130 30 130 -1 5.57e-07
#p 71A5 1 43 140 43 262 +0
#p 71D3 0 30 356 30 380 +1
#p 71D3 2 95 590 95 990 +0
#p 71D3 3 49 136 49 136 -1 9.90e-07
#p 71D4 1 44 126 44 232 +0
#p 7823 0 29 858 29 918 +1
#p 7823 1 43 323 43 819 +0
#p 7823 3 46 618 46 618 -1 6.12e-07
#p 1030 0 33 273 33 291 -1
#p 1030 2 99 990 100 390 +0
#p 1030 3 33 983 33 983 -1 1.16e-06
#p 1031 1 49 009 49 151 +0
#p 1045 0 34 433 34 463 +1
#p 1045 2 98 790 99 190 +0
#p 1045 3 35 083 35 083 -1 2.29e-07
#p 1046 1 51 628 51 876 +0
#p 104A 0 33 588 33 610 +0
#p 104A 2 113 590 113 990 +0
#p 104A 3 51 268 51 268 -1 6.30e-07
#p 104C 1 50 687 51 071 +0
#p 0F2A 0 30 725 30 775 +0
#p 0F2A 3 31 341 31 341 -1 1.24e-06
#p 0F2B 1 44 575 44 625 +0
#p 1051 0 33 204 33 242 +1
#p 1051 2 107 390 107 790 +0
#p 1051 3 55 884 55 884 -1 4.09e-07
#p 1052 1 49 722 49 986 +0
#p 1038 0 33 553 33 583 -1
#p 1038 2 103 590 103 990 +0
#p 1038 3 51 523 51 523 -1 2.93e-07
#p 103A 1 50 324 50 440 +0
#p 1040 0 31 739 31 823 -1
#p 1040 2 71 790 72 190 +0
#p 1040 3 41 719 41 719 -1 4.25e-07
#p 1060 0 32 125 32 313 +1
#p 1060 2 83 990 84 390 +0
#p 1060 3 32 465 32 465 -1 1.65e-06
#p 1062 1 46 776 47 410 +0
#s 06/04/13 02:18                   106/04/14 16:34:22
#s YMKH D  51.232 0.012  65.201 0.061   0.0 5.57e-07   35.49030  139.05960    564
#s ODWH U  51.888 0.030  65.571 0.248   0.0 6.12e-07   35.25240  139.10420    192
#s MNZH U  52.219 0.014  65.948 0.063 122.3 5.61e-07   35.14560  139.15010   -114
#s TRUH D  52.334 0.030  66.458 0.080 129.1 4.95e-07   35.51370  138.94080    568
#s ASGH U  52.368 0.012  66.179 0.053 117.7 9.90e-07   35.31710  139.02470    386
#s HKNH .  52.750 0.025  66.600 0.025   0.0 1.24e-06   35.22010  139.03290    959
#s TR2H D  52.951 0.011  67.243 0.116 123.3 1.38e-04   35.51530  138.88380    151
#s ITOH D  53.366 0.015  68.315 0.047 114.1 9.46e-07   34.95230  139.13831    -84
#s FJS  D  53.781 0.042   0.000 0.000  93.9 4.25e-07   35.38090  138.85710    722
#s NRYH U  54.034 0.016  69.758 0.101 123.5 3.48e-07   35.06320  138.95970    -91
#s FY1  U  54.219 0.094  69.093 0.317 106.1 1.65e-06   35.45570  138.82420    890  0.770 -0.270
#s NSHH D  54.547 0.028  70.086 0.093 128.1 7.59e-07   35.68950  138.73399   -831
#s FJ6  U  55.223 0.019  71.854 0.132 129.5 4.09e-07   35.33020  138.72760   1815
#s FJN  D  55.282 0.009  71.080 0.071 122.1 1.16e-06   35.44630  138.69009   1049
#s FJY  D  55.568 0.015  72.382 0.058 125.7 2.93e-07   35.28330  138.71809    869
#s FJ5  .  55.599 0.011  72.879 0.192 135.7 6.30e-07   35.38480  138.69550   1894
#s KKKH D  55.953 0.027  72.683 0.093   0.0 7.12e-07   35.53230  138.60451    410
#s FJH  U  56.448 0.015  73.752 0.124 120.9 2.29e-07   35.35490  138.61850    571
#s SMBH U  57.761 0.112  75.718 0.166 128.3 3.26e-07   35.41890  138.48030    202
#s 
#f   6  4 13     2 18  33.185   35.68060  140.29659  63.911   2.6
#f    CONV              0.002    2.750      3.176     8.593
#f     10.087     3.807   -20.814     7.561   -13.343    73.843
#f              35.500 100.0 139.100 100.0  30.000  30.0
#f   19  ERI 19 (  6.1% ) 18 ( 91.1% )  3 (  2.8% )
#f YMKH D  114.1 259.2 112.2  39.5 51.23 0.18 -0.14 65.20 0.64  0.52 0.557E-06  2.2
#f ODWH U  118.2 246.2 111.2  39.8 51.89 0.19  0.09 65.57 0.69  0.15 0.612E-06  2.3
#f MNZH U  119.9 240.2 110.8  39.9 52.22 0.19  0.27 65.95 0.66  0.27 0.561E-06  2.3
#f TRUH D  124.2 261.4 110.1  40.1 52.33 0.19 -0.22 66.46 0.67 -0.28 0.495E-06  2.2
#f ASGH U  122.2 250.6 110.5  40.0 52.37 0.19  0.07 66.18 0.66 -0.11 0.990E-06  2.6
#f HKNH .  125.6 245.9 109.9  40.2 52.75 0.20 -0.02 66.60 0.67 -0.50 0.124E-05  2.7
#f TR2H D  129.3 261.8 109.1  40.4 52.95 0.20 -0.14 67.24 0.69 -0.43 0.138E-03  5.1
#f ITOH D  132.8 232.4 108.5  40.6 53.37 0.20 -0.10 68.31 0.70  0.00 0.946E-06  2.6
#f FJS  D  134.7 255.7 108.3  40.7 53.78 0.21 -0.03  0.00 0.00  0.00 0.425E-06  2.2
#f NRYH U  139.5 240.5 107.4  40.9 54.03 0.21 -0.23 69.76 0.74  0.06 0.348E-06  2.1
#f FY1  U  135.8 259.4 108.1  40.7 54.99 0.24  1.03 68.82 0.78 -0.35 0.165E-05  2.9
#f NSHH D  141.5 270.4 107.0  41.0 54.55 0.22  0.15 70.09 0.74  0.16 0.759E-06  2.6
#f FJ6  U  147.6 254.7 106.5  41.1 55.22 0.22 -0.27 71.85 0.78  0.03 0.409E-06  2.3
#f FJN  D  147.9 259.9 106.4  41.2 55.28 0.22 -0.15 71.08 0.76 -0.64 0.116E-05  2.8
#f FJY  D  149.9 252.9 106.1  41.3 55.57 0.22 -0.07 72.38 0.79  0.31 0.293E-06  2.1
#f FJ5  .  148.9 257.3 106.3  41.2 55.60 0.22 -0.06 72.88 0.82  0.77 0.630E-06  2.5
#f KKKH D  154.2 263.9 105.5  41.4 55.95 0.23 -0.14 72.68 0.79 -0.18 0.712E-06  2.6
#f FJH  U  156.5 256.7 105.2  41.5 56.45 0.23  0.06 73.75 0.82  0.38 0.229E-06  2.0
#f SMBH U  167.2 260.1 104.0  41.8 57.76 0.27  0.12 75.72 0.87  0.17 0.326E-06  2.2
#f                                             0.28             0.36
