#p 970723.235156 DLFFJ auto
#p 97 07 23 23 51 36
#p 1000 0 17 183 17 207 +0
#p 1002 1 20 086 20 110 +0
#p 1003 0 16 744 16 768 +0
#p 1003 3 17 720 17 720 -1 5.20e-06
#p 1005 1 20 110 20 134 +0
#p 1006 0 17 671 17 695 +0
#p 1007 1 20 720 20 744 +0
#p 1008 0 17 354 17 378 +0
#p 1008 3 20 500 20 500 -1 3.85e-07
#p 1009 1 20 110 20 134 +0
#p 100D 1 22 744 22 768 +0
#p 1011 0 17 695 17 719 +0
#p 1012 1 20 915 20 939 +0
#p 1030 0 16 256 16 280 +0
#p 1030 3 20 330 20 330 -1 9.97e-07
#p 1031 1 18 427 18 451 +0
#p 1038 0 16 451 16 475 +0
#p 1038 2 32 990 33 390 +0
#p 1038 3 17 037 17 037 -1 1.43e-06
#p 103A 1 18 866 18 890 +0
#p 103B 0 16 647 16 671 +0
#p 103B 2 42 590 42 990 +0
#p 103B 3 17 162 17 162 -1 4.88e-06
#p 1040 0 15 695 15 988 +0
#p 1040 3 19 700 19 700 -1 5.80e-07
#p 1042 1 18 232 18 329 +0
#s 97/07/23 23:51                   105/04/19 10:58:26
#s FJS  .  51.841 0.146  54.280 0.048   0.0 5.80e-07   35.38090  138.85710    722
#s FJN  .  52.268 0.012  54.439 0.012   0.0 9.97e-07   35.44630  138.69009   1245
#s FJY  .  52.463 0.012  54.878 0.012  69.1 1.43e-06   35.28330  138.71809    869
#s FJYB .  52.659 0.012   0.000 0.000  78.7 4.88e-06   35.28330  138.71809    869
#s SSN  .  52.756 0.012  56.122 0.012   0.0 5.20e-06   35.26550  138.80690    900
#s SHJ  .  53.195 0.012  56.098 0.012   0.0 0.00e-00   35.49560  138.60860    880
#s TR2  .  53.366 0.012  56.122 0.012   0.0 3.85e-07   35.51520  138.88380    151
#s TRU  .  53.683 0.012  56.732 0.012   0.0 0.00e-00   35.51370  138.94080    565
#s SMB  .  53.707 0.012  56.927 0.012   0.0 0.00e-00   35.41890  138.48030    202
#s YMK  .   0.000 0.000  58.756 0.012   0.0 0.00e-00   35.49020  139.05960      0
#s 
#f  97  7 23    23 51  49.074   35.38857  138.74361  15.742   1.1
#f    CONV              0.000    0.153      0.167     0.407
#f      0.028     0.000    -0.003     0.023    -0.014     0.166
#f              35.400 100.0 138.900 100.0  30.000  30.0
#f   10  ERI  9 ( 46.4% )  9 ( 53.6% )  3 (  0.0% )
#f FJS  .   10.3  95.1 143.4  29.3 51.84 0.15 -0.50 54.28 0.11 -0.45 0.580E-06  0.6
#f FJN  .    8.0 323.3 151.3  23.2 52.27 0.03  0.03 54.44 0.11 -0.11 0.997E-06  0.8
#f FJY  .   11.9 191.7 139.3  32.4 52.46 0.03 -0.04 54.88 0.11 -0.14 0.143E-05  1.1
#f FJYB .   11.9 191.7 139.3  32.4 52.66 0.04  0.15  0.00 0.00  0.00 0.488E-05  1.7
#f SSN  .   14.8 157.6 131.9  37.6 52.76 0.04 -0.06 56.12 0.14  0.57 0.520E-05  1.8
#f SHJ  .   17.1 314.6 126.8  41.0 53.20 0.04  0.12 56.10 0.14  0.10 0.000E+00  9.9
#f TR2  .   19.0  42.6 121.6  44.4 53.37 0.04  0.16 56.12 0.14 -0.11 0.385E-06  0.6
#f TRU  .   22.7  52.6 115.7  47.7 53.68 0.05 -0.06 56.73 0.15 -0.43 0.000E+00  9.9
#f SMB  .   24.2 278.5 112.5  49.3 53.71 0.05 -0.20 56.93 0.16 -0.51 0.000E+00  9.9
#f YMK  .   30.8  68.9 102.8  53.2  0.00 0.00  0.00 58.76 0.19 -0.29 0.000E+00  9.9
#f                                             0.20             0.35
